              precision    recall  f1-score   support

           3       0.00      0.00      0.00         1
           4       0.25      0.10      0.14        10
           5       0.51      0.66      0.58       130
           6       0.52      0.50      0.51       132
           7       0.37      0.17      0.23        42
           8       0.00      0.00      0.00         5

    accuracy                           0.50       320
   macro avg       0.27      0.24      0.24       320
weighted avg       0.48      0.50      0.48       320
